0,0,0,0,0,0,0,0,0,0,0,0
0.454545454545,0.454545454545,0.454545454545,0.454545454545,0.454545454545,0.454545454545,0.454545454545,0.454545454545,0.454545454545,0.454545454545,0.454545454545,0.454545454545
0.909090909091,0.909090909091,0.909090909091,0.909090909091,0.909090909091,0.909090909091,0.909090909091,0.909090909091,0.909090909091,0.909090909091,0.909090909091,0.909090909091
1.36363636364,1.36363636364,1.36363636364,1.36363636364,1.36363636364,1.36363636364,1.36363636364,1.36363636364,1.36363636364,1.36363636364,1.36363636364,1.36363636364
1.81818181818,1.81818181818,1.81818181818,1.81818181818,1.81818181818,1.81818181818,1.81818181818,1.81818181818,1.81818181818,1.81818181818,1.81818181818,1.81818181818
2.27272727273,2.27272727273,2.27272727273,2.27272727273,2.27272727273,2.27272727273,2.27272727273,2.27272727273,2.27272727273,2.27272727273,2.27272727273,2.27272727273
2.72727272727,2.72727272727,2.72727272727,2.72727272727,2.72727272727,2.72727272727,2.72727272727,2.72727272727,2.72727272727,2.72727272727,2.72727272727,2.72727272727
3.18181818182,3.18181818182,3.18181818182,3.18181818182,3.18181818182,3.18181818182,3.18181818182,3.18181818182,3.18181818182,3.18181818182,3.18181818182,3.18181818182
3.63636363636,3.63636363636,3.63636363636,3.63636363636,3.63636363636,3.63636363636,3.63636363636,3.63636363636,3.63636363636,3.63636363636,3.63636363636,3.63636363636
4.09090909091,4.09090909091,4.09090909091,4.09090909091,4.09090909091,4.09090909091,4.09090909091,4.09090909091,4.09090909091,4.09090909091,4.09090909091,4.09090909091
4.54545454545,4.54545454545,4.54545454545,4.54545454545,4.54545454545,4.54545454545,4.54545454545,4.54545454545,4.54545454545,4.54545454545,4.54545454545,4.54545454545
5,5,5,5,5,5,5,5,5,5,5,5
