1,0.909090909091,0.818181818182,0.727272727273,0.636363636364,0.545454545455,0.454545454545,0.363636363636,0.272727272727,0.181818181818,0.0909090909091,0
1,0.9090640206,0.818133317816,0.727210297308,0.636295860206,0.54538937172,0.454488977231,0.363592150638,0.272696337111,0.18179954603,0.0909007542108,0
1,0.908991539692,0.818010182896,0.727070026098,0.636173045113,0.545310491036,0.454466298488,0.363621443205,0.272758595907,0.181866549785,0.0909437694516,0
1,0.908397107708,0.817068857845,0.726097656705,0.635449335767,0.545022329684,0.454680508239,0.364276715504,0.273673349803,0.182765922759,0.0915159194378,0
1,0.900996152895,0.807481816303,0.717467420427,0.629622720741,0.542968912381,0.456702287291,0.370072143438,0.282273795008,0.192326746784,0.0988989410952,0
0.848850085129,0.787916680528,0.725515413045,0.661918352199,0.597447639768,0.532450305399,0.467284170259,0.402309308728,0.337881301133,0.274342943248,0.212010637105,0.151149914871
0.848850085129,0.787917694578,0.725517269612,0.661920837129,0.597450511084,0.532453311256,0.467287067444,0.402311879699,0.33788336803,0.274344377673,0.212011364833,0.151149914871
1,0.901000015034,0.807488582693,0.717476212379,0.629632695328,0.542979263576,0.456712265041,0.370081076934,0.282281111375,0.19233197852,0.0989017155504,0
1,0.90840242557,0.817078647072,0.726110781406,0.635464501331,0.545038197118,0.454695792947,0.364290270796,0.273684235013,0.182773456134,0.0915197166993,0
1,0.90899732421,0.818020864785,0.727084393685,0.636189685115,0.545327916496,0.454483071251,0.363636282532,0.272770466828,0.181874726661,0.0909478719157,0
1,0.909068301043,0.818141218326,0.727220919432,0.63630815674,0.545402241071,0.454501354935,0.363603091011,0.27270507938,0.181805560913,0.090903768707,0
1,0.909090909091,0.818181818182,0.727272727273,0.636363636364,0.545454545455,0.454545454545,0.363636363636,0.272727272727,0.181818181818,0.0909090909091,0
