0.0229308
0.0123828
0.0120464
0.0128801
0.0130147
0.0111003
0.00579842
0.00399656
0.0059558
0.00915343
0.0100563
0.00909892
0.00684653
0.00376872
0.0008504
0.00358179
0.00729549
0.0105555
0.0128699
0.0137091
0.0126721
0.00983775
0.00661855
0.00407368
0.00474034
0.00826928
0.0100131
0.00986221
0.0080126
0.0048101
0.00146189
0.00465906
0.0089669
0.013358
0.0165112
0.0175633
0.0166862
0.0133722
0.00863732
0.00516542
0.011412
0.0165016
0.0186296
0.0177745
0.0143818
0.00904245
0.00307364
0.0075278
0.01491
0.0221753
0.0279826
0.0303923
0.0274405
0.0183131
0.0104077
0.0211367
0.0333843
0.0396387
0.0397513
0.034954
0.0270109
0.017224
0.00829695
0.0119063
0.0180428
0.0251648
0.0257685
0.0187694
0.0109511
0.0125807
0.0254676
0.0339756
0.0357089
0.0320575
0.025387
0.0177885
0.0117642
0.0105507
0.00899135
0.00663186
0.00592502
0.00561807
0.00349773
0.00332671
0.00450415
0.00852448
0.0117157
0.0136878
0.0141628
0.0132199
0.011126
0.00830059
0.00523315
0.00428874
0.00337517
0.00215478
0.00116793
0.000833328
0.00145307
0.00306649
