0,0,0.416666666666,1.25,2.08333333334,2.91666666666,0,0
0,0,0.416666666666,1.25,2.08333333334,2.91666666666,0,0
-0.833333333333,-0.416666666666,0.416666666666,1.25,2.08333333334,2.91666666666,3.74999999999,4.58333333332
-0.833333333333,-0.416666666666,0.416666666666,1.25,2.08333333334,2.91666666666,3.74999999999,4.58333333332
-0.833333333333,-0.416666666666,0.416666666666,1.25,2.08333333334,2.91666666666,3.74999999999,4.58333333332
-0.833333333333,-0.416666666666,0.416666666666,1.25,2.08333333334,2.91666666666,3.74999999999,4.58333333332
-0.416666666666,-0.208333333333,0.208333333333,0.625000000001,1.04166666667,1.45833333333,1.875,2.29166666666
-0,-0,0,0,0,0,0,0
0,0,0,0,0,0,0,0
0,0,0,0,0,0,0,0
