0,0,1.37495162701,1.37375357095,1.19954971036,1.19954916937,0,0
0,0,1.12495050314,1.12375105272,0.999547511445,0.999547506784,0,0
0.874949379276,0.874949379276,0.874949379276,0.873748534492,0.799545312528,0.799545844201,0.799545844201,0.799545844201
0.62494825541,0.62494825541,0.62494825541,0.623746016264,0.599543113612,0.599544181618,0.599544181618,0.599544181618
0.375047820699,0.375047820699,0.375047820699,0.376245155861,0.400449194576,0.40045001284,0.40045001284,0.40045001284
0.125048944565,0.125048944565,0.125048944565,0.126247674088,0.200451393493,0.200451675423,0.200451675423,0.200451675423
0,0,0,0,0.05,0.05,0.05,0.05
0,0,0,0,0,0,0,0
0,0,-0,-0,-0,-0,0,0
0,0,-0,-0,-0,-0,0,0
