0,0,0.227242872207,0.681668406339,1.13578210766,1.58849107326,2.03199095859,2.49999990988,2.96800899047,3.41150901938,3.86421799399,4.31833167386,4.7727571598,0,0
0,0,0.227242872207,0.681668406339,1.13578210766,1.58849107326,2.03199095859,2.49999990988,2.96800899047,3.41150901938,3.86421799399,4.31833167386,4.7727571598,0,0
-0.454485744414,-0.227242872207,0.227242872207,0.681668406339,1.13578210766,1.58849107326,2.03199095859,2.49999990988,2.96800899047,3.41150901938,3.86421799399,4.31833167386,4.7727571598,5.22718264574,5.68160813167
-0.454382579,-0.2271912895,0.2271912895,0.681411147601,1.1348105368,1.58492472782,2.01994012212,2.49999985229,2.98005983769,3.41507551439,3.86518971906,4.31858905382,4.77280879076,5.22702852769,5.68124826463
-0.454323298612,-0.227161649306,0.227161649306,0.681264939899,1.13428628351,1.58345268245,2.02183747174,2.49999992449,2.97816259,3.4165476178,3.86571402609,4.31873530337,4.77283844736,5.22694159136,5.68104473536
-0.454323308544,-0.227161654272,0.227161654272,0.681264964759,1.13428638809,1.58345312308,2.0218387149,2.50000000098,2.97816140775,3.41654714209,3.86571388474,4.31873524943,4.77283843059,5.22694161176,5.68104479292
-0.454382600061,-0.227191300031,0.227191300031,0.681411199643,1.13481075883,1.58492575893,2.01994398364,2.50000007521,2.9800561748,3.41507441727,3.86518941796,4.31858893893,4.77280875472,5.22702857052,5.68124838631
-0.454485755543,-0.227242877771,0.227242877771,0.68166843352,1.13578222512,1.58849166374,2.03199357694,2.50000005631,2.96800650983,3.41150839797,3.86421783424,4.31833161291,4.77275714054,5.22718266817,5.6816081958
0,0,0.227242877771,0.68166843352,1.13578222512,1.58849166374,2.03199357694,2.50000005631,2.96800650983,3.41150839797,3.86421783424,4.31833161291,4.77275714054,0,0
0,0,0.227242877771,0.68166843352,1.13578222512,1.58849166374,2.03199357694,2.50000005631,2.96800650983,3.41150839797,3.86421783424,4.31833161291,4.77275714054,0,0
