0,0,1.25000709315,1.25003969066,1.25025071208,1.25151014198,1.13757154253,1.02255851939,1.13756915664,1.2515052569,1.250244392,1.25003396441,1.25000467694,0,0
0,0,1.08333438055,1.08333506451,1.08330813066,1.08262804735,0.994856235772,0.907737790993,0.994855648851,1.08262683913,1.08330651308,1.08333359388,1.08333376029,0,0
0.916661667956,0.916661667956,0.916661667956,0.916630438369,0.916365549234,0.913745952718,0.852140929019,0.792917062596,0.852142141065,0.913748421372,0.91636863417,0.916633223353,0.916662843631,0.916662843631,0.916662843631
0.74998895536,0.74998895536,0.74998895536,0.749925812225,0.749422967808,0.744863858086,0.709425622265,0.678096334199,0.709428633279,0.744870003609,0.749430755256,0.749932852824,0.749991926974,0.749991926974,0.749991926974
0.583324041807,0.583324041807,0.583324041807,0.583286605889,0.583045060101,0.581104057455,0.569484965133,0.559594216505,0.569488579125,0.581111454416,0.583054552344,0.583295197595,0.583327666683,0.583327666683,0.583327666683
0.416663797696,0.416663797696,0.416663797696,0.416680538869,0.416908597166,0.418843841774,0.43046904173,0.440368111168,0.430472264346,0.418850434111,0.41691705801,0.416688189944,0.416667023585,0.416667023585,0.416667023585
0.250002019084,0.250002019084,0.250002019084,0.250049794152,0.250542545289,0.255096856555,0.290539984637,0.321876221879,0.290542133951,0.25510123565,0.250548097012,0.250054799104,0.250004127367,0.250004127367,0.250004127367
0.0833349757915,0.0833349757915,0.0833349757915,0.0833604873165,0.0836215896497,0.0862391668673,0.14784617223,0.207072970484,0.147846913952,0.086240673718,0.0836234702598,0.0833621772852,0.0833356871217,0.0833356871217,0.0833356871217
0,0,-0.0833349757915,-0.0833604873165,-0.0836215896497,-0.0862391668673,-0.14784617223,-0.207072970484,-0.147846913952,-0.086240673718,-0.0836234702598,-0.0833621772852,-0.0833356871217,0,0
0,0,-0.166669951583,-0.166720974633,-0.167243179299,-0.172478333735,-0.295692344459,-0.414145940968,-0.295693827904,-0.172481347436,-0.16724694052,-0.16672435457,-0.166671374243,0,0
